     0.99999999999948                     0  1.03397576569128e-13  -9.1314328976107e-08     0.059814100876802     -0.29189618499017    -0.999999999999893                     0  1.03397576569128e-13 -1.03397576569128e-13  1.03397576569128e-13  1.03397576569128e-13
                    0      1.00000000000196 -1.03397576569128e-13    -0.117994748820876  4.49262470192863e-10  7.90067603407188e-07                     0     -1.00000000000196 -1.03397576569128e-13                     0 -1.03397576569128e-13 -2.06795153138257e-13
 1.03397576569128e-13 -1.03397576569128e-13      1.00000000000196     0.275821027559651 -4.05023196672302e-07  1.24421302415353e-07  1.03397576569128e-13 -1.03397576569128e-13     -1.00000000000186                     0                     0                     0
 -9.1314328976107e-08    -0.117994748820876     0.275821027559651      1.09000842822851  6.49750371160403e-10  8.27180612553028e-13  9.13142255785304e-08     0.117994748820773    -0.275821027559651     -0.99999999994654 -1.03397576569128e-13  1.03397576569128e-13
    0.059814100876802  4.49262470192863e-10 -4.05023196672302e-07  6.49750371160403e-10      1.00358056568165   -0.0174700778707477   -0.0598141008766986 -4.49159072616294e-10  4.05023196672302e-07 -1.03397576569128e-13    -0.999999999999997  1.03397576569128e-13
    -0.29189618499017  7.90067603407188e-07  1.24421302415353e-07  8.27180612553028e-13   -0.0174700778707477       1.0852062232811     0.291896184989963 -7.90067603407188e-07 -1.24421199017776e-07 -2.06795153138257e-13                     0    -0.999999999999997
   -0.999999999999893                     0  1.03397576569128e-13  9.13142255785304e-08   -0.0598141008766986     0.291896184989963      0.99999999999948                     0  1.03397576569128e-13 -1.03397576569128e-13  1.03397576569128e-13  1.03397576569128e-13
                    0     -1.00000000000196 -1.03397576569128e-13     0.117994748820773 -4.49159072616294e-10 -7.90067603407188e-07                     0      1.00000000000196 -1.03397576569128e-13                     0 -1.03397576569128e-13  1.03397576569128e-13
 1.03397576569128e-13 -1.03397576569128e-13     -1.00000000000186    -0.275821027559651  4.05023196672302e-07 -1.24421199017776e-07  1.03397576569128e-13 -1.03397576569128e-13      1.00000000000196                     0                     0                     0
-1.03397576569128e-13                     0                     0     -0.99999999994654 -1.03397576569128e-13 -2.06795153138257e-13 -1.03397576569128e-13                     0                     0     0.999999999945713                     0  2.06795153138257e-13
 1.03397576569128e-13 -1.03397576569128e-13                     0 -1.03397576569128e-13    -0.999999999999997                     0  1.03397576569128e-13 -1.03397576569128e-13                     0                     0      1.00000000000031                     0
 1.03397576569128e-13 -2.06795153138257e-13                     0  1.03397576569128e-13  1.03397576569128e-13    -0.999999999999997  1.03397576569128e-13  1.03397576569128e-13                     0  2.06795153138257e-13                     0      1.00000000000031
 
