                    1                     0 -1.03397576569128e-15 -1.87735154066233e-09    0.0598142192153325     -0.29189615228959                    -1                     0 -1.03397576569128e-15                     0                     0                     0
                    0     0.999999999999918 -1.03397576569128e-15    -0.117994975603464  6.59159550628194e-12  1.58439239523446e-08                     0    -0.999999999999918 -1.03397576569128e-15  1.03397576569128e-15                     0                     0
-1.03397576569128e-15 -1.03397576569128e-15     0.999999999999231     0.275820930550096 -8.11017916974048e-09  2.44804102285068e-09 -1.03397576569128e-15 -1.03397576569128e-15    -0.999999999999223 -1.03397576569128e-15 -1.03397576569128e-15 -1.03397576569128e-15
-1.87735154066233e-09    -0.117994975603464     0.275820930550096      1.09000842872579 -1.92766169949358e-10 -5.06141477063541e-11  1.87735360861387e-09     0.117994975603463    -0.275820930550095       -1.000000000002  1.03397576569128e-15 -1.03397576569128e-15
   0.0598142192153325  6.59159550628194e-12 -8.11017916974048e-09 -1.92766169949358e-10      1.00358058132668   -0.0174701097183655   -0.0598142192153325 -6.59366345781332e-12  8.11017916974048e-09                     0                    -1 -1.03397576569128e-15
    -0.29189615228959  1.58439239523446e-08  2.44804102285068e-09 -5.06141477063541e-11   -0.0174701097183655      1.08520620469769     0.291896152289592 -1.58439229183688e-08 -2.44804205682645e-09 -1.03397576569128e-15  1.03397576569128e-15    -0.999999999999999
                   -1                     0 -1.03397576569128e-15  1.87735360861387e-09   -0.0598142192153325     0.291896152289592                     1                     0 -1.03397576569128e-15                     0                     0                     0
                    0    -0.999999999999918 -1.03397576569128e-15     0.117994975603463 -6.59366345781332e-12 -1.58439229183688e-08                     0     0.999999999999918 -1.03397576569128e-15  1.03397576569128e-15                     0                     0
-1.03397576569128e-15 -1.03397576569128e-15    -0.999999999999223    -0.275820930550096  8.11017916974048e-09 -2.44804205682645e-09 -1.03397576569128e-15 -1.03397576569128e-15     0.999999999999231 -1.03397576569128e-15 -1.03397576569128e-15 -1.03397576569128e-15
                    0  1.03397576569128e-15 -1.03397576569128e-15       -1.000000000002                     0 -1.03397576569128e-15                     0  1.03397576569128e-15 -1.03397576569128e-15        1.000000000002                     0  1.03397576569128e-15
                    0                     0 -1.03397576569128e-15  1.03397576569128e-15                    -1  1.03397576569128e-15                     0                     0 -1.03397576569128e-15                     0                     1                     0
                    0                     0 -1.03397576569128e-15 -1.03397576569128e-15 -1.03397576569128e-15    -0.999999999999999                     0                     0 -1.03397576569128e-15  1.03397576569128e-15                     0                     1
 