    0.999999999905181 -1.03397576569128e-11                     0 -3.07369975867048e-07    0.0598155100083404    -0.291895795641116    -0.999999999998239 -1.03397576569128e-11                     0                     0 -1.03397576569128e-11 -1.03397576569128e-11
-1.03397576569128e-11     0.999999999987899  1.03397576569128e-11    -0.117997449324867 -8.50962055163927e-09  2.53220665017796e-08 -1.03397576569128e-11     -0.99999999997756  1.03397576569128e-11  1.03397576569128e-11                     0                     0
                    0  1.03397576569128e-11      1.00000000007062     0.275819872238971   7.1065154375962e-08 -3.08982978061527e-07                     0  1.03397576569128e-11     -1.00000000004994                     0  1.03397576569128e-11  1.03397576569128e-11
-3.07369975867048e-07    -0.117997449324867     0.275819872238971       1.0900083271611 -5.87556728854073e-07 -1.86229375158657e-07  3.07359636109391e-07     0.117997449324867    -0.275819872218291     -1.00000000004994 -1.03397576569128e-11                     0
   0.0598155100083404 -8.50962055163927e-09   7.1065154375962e-08 -5.87556728854073e-07      1.00358067072035   -0.0174705273845774   -0.0598155099876609  8.50962055163927e-09 -7.10444748606482e-08                     0     -1.00000000000858 -1.03397576569128e-11
   -0.291895795641116  2.53220665017796e-08 -3.08982978061527e-07 -1.86229375158657e-07   -0.0174705273845774      1.08520583249534     0.291895795661795 -2.53117267441227e-08   3.0900365757684e-07                     0  1.03397576569128e-11    -0.999999999987899
   -0.999999999998239 -1.03397576569128e-11                     0  3.07359636109391e-07   -0.0598155099876609     0.291895795661795     0.999999999905181 -1.03397576569128e-11                     0                     0 -1.03397576569128e-11 -1.03397576569128e-11
-1.03397576569128e-11     -0.99999999997756  1.03397576569128e-11     0.117997449324867  8.50962055163927e-09 -2.53117267441227e-08 -1.03397576569128e-11     0.999999999987899  1.03397576569128e-11  1.03397576569128e-11                     0                     0
                    0  1.03397576569128e-11     -1.00000000004994    -0.275819872218291 -7.10444748606482e-08   3.0900365757684e-07                     0  1.03397576569128e-11      1.00000000007062                     0  1.03397576569128e-11  1.03397576569128e-11
                    0  1.03397576569128e-11                     0     -1.00000000004994                     0                     0                     0  1.03397576569128e-11                     0      1.00000000007062  1.03397576569128e-11  1.03397576569128e-11
-1.03397576569128e-11                     0  1.03397576569128e-11 -1.03397576569128e-11     -1.00000000000858  1.03397576569128e-11 -1.03397576569128e-11                     0  1.03397576569128e-11  1.03397576569128e-11     0.999999999987899                     0
-1.03397576569128e-11                     0  1.03397576569128e-11                     0 -1.03397576569128e-11    -0.999999999987899 -1.03397576569128e-11                     0  1.03397576569128e-11  1.03397576569128e-11                     0     0.999999999987899
 
